6766.789903 2000.000000
6464.359833 2000.000000
6640.349480 2000.000000
6620.126315 2000.000000
6627.804827 2000.000000
6626.068959 2000.000000
6682.622800 2000.000000
6673.649974 2000.000000
6644.913662 2000.000000
6270.312739 1909.904762
6318.803054 1917.739130
6326.815790 1924.320000
6327.449903 1929.925926
6124.278210 1874.866667
5926.857042 1848.151515
5964.209441 1856.828571
5818.088985 1817.868421
5863.725705 1826.975000
5902.747021 1835.214286
5783.234181 1804.644444
5813.439932 1812.957447
5813.181459 1820.591837
5852.402841 1827.627451
5869.570463 1834.132075
5669.106981 1779.824561
5644.446883 1765.416667
5688.129832 1772.983871
5708.716036 1775.031250
5435.633533 1718.202899
5356.676916 1703.661972
5316.662864 1690.310811
5353.420554 1698.460526
5385.186765 1709.911392
5417.762058 1717.074074
5441.756888 1723.891566
5400.853423 1711.744186
5308.306845 1688.359551
5341.053630 1695.208791
5379.251054 1701.763441
5409.188466 1708.042105
5431.337632 1714.061856
5456.513209 1719.838384
5470.598471 1722.640000
5485.145253 1722.640000
5476.275321 1722.640000
5478.996829 1722.640000
5478.295377 1722.640000
5409.211360 1703.650000
5384.752603 1703.650000
5367.511619 1697.720000
